[ 3406879188585422591  8919725861887193435  2835953264365641012  6944775928512274128  5787858224113115711 13596387412313133530   192919626049244859  5208058515928793978 11219403558714595739 14161644563303739439  1492015847094792406 15752735148289388593 16736852098717711211 16567491867522489353 13897536227573836753   707253891301293610 12169899327982722007   651337937423438398 17248566840306082381 16881640289563974767  6464137616565335405  9428367466199608767  8219283627177069075 15526933524563240765 13095753468517399643   474457234763525113  6674384504410225380  4831770840603309794  9384990550245724851  5071583416250377956 14656570702034139065  4947015166988711542 11236998173491564652  6031069470102342170  7379399746958905029 14776448345871637510 13151017069131859826  8454540508026239250  6203459698145750743 16803661928310345558 11714747092078782714 13879894029937557632 14973808063784117193 14984512614816571464 14006800886851929731   143473204006817882  2173233629824747697 11465935723663532653 12260756455880766238  1969822201157781239 16629785862044850420 14344590834096283756 12294810438274520886 11015642399007315957 15392217747450007799 18399006959126177839 13334374241648072972  4449520731205095878 15297084862694458683 17408789037586496369 17670886623739818498 14775669002391265669 18153595425422574396  8543772528563526684 18097235505310377392 16094642027866855110  9432082829087770177  8729662701441245227 12463600764830696680  2616783628862677670 18290043471316166220 13661674012014835656  4862329336786278598  4976549357570331506 18102794531925541859 12653919711044025961  2761940355888441077  5898630777181700598 16506377218105573960  1218387304942870725  2778798488914954299 14983953890354207439 14239925182295702515  8346912741843540429  2928176651645111974  5110613844230346292  1529787018710465889 15073343844630565902 15098369606706883483  9309794136316541454 10581652857736602720 13136584967463090422  2371714949504907784 12078074362942450039 17869844059439347457 17616210998425512000  5071695486416872863  1931054310923746439 13470829762975417096  3405793829052921258]
[ 8919725861887193435  3893777435502853682  5332161146855623271   434227999647317489 11564918289831563261  1758415885147495017  3069860052588439712  8680317995276145707 17383229512677623660   995466534042313588 14024609664692497036 13512963495375118694  4120509596827523466  3547440065929324111  1752135862412340584 16470855587205467362 17632078848557904798 12204387052032753106  7260560055690228995  5998309353046076108 16060728102279877177 10553735423867586761  8841029666227165601 13171193862982688050  9952834228848921269  6106544733612534719  3277870211362028321  9468798520049829845 13448473986330275014  6232788496887911427 11701231896357831548 11957466310212655080  4886209135089847723 13331218772934122845 13471357179503891782  7914331166072079388 11609402835219913527  9968916398207522502  3256082772089183021 12615611605971933494 11758201185902083526  7169064156673013417 13781949513663861260 11852764497262621009 18286296647063830110   591680737357858284  1522106053996574444 17455402506275728985  1790541212540069612  7824383900939453699 14058573823938777052 10169890589103094299  5973185524286904588  7505359452233341633 13037395978540795946 11391443510605855723 14537026728427097348 12559380058786255047  4302455105676995114 17843298983852021711  6759488996116303168 15246134749503492120  5077256093336155922 12210034372474916228 16777057630561143756  9017450441040145593  4854849913473576570  9483771086162101066  5362580602138692250 14047363421046156558  6729240509302199082  8638791975811787500  8153491508110590648 14055157769053966676  6477289292089348466  4660705290438654990 11574811745588604652  6326438100167471143 10736203327741616283  2123527797280431089 17597531038423376438  7973038349281590908 14581794131565023916  6138712394197033309  6378154831084803816  7095616932864685869 16861576503934413854 16118656351835824832  9971150388433257919 10023580445238737444  9328692443808942437  9278156254401281775  8467127299646977524  2410407124616639747  8473799291758484988 10999862951533431732  6793055660733697047 13372956760892216468 18287901097047375533 17295944562610699208]
[ 2835953264365641012  5332161146855623271 13398971623709084520  7960925417043341184 10770347491281029764  5812151757876100316  9437451546772876004 13238428731308470810  1980942938488526788  3510458658833501968  9109078788906243900  6960649781968633194  4144928309421345000 10314947775573874375  8975074002066072723  9446451291882959045   853071313560936059 12481282238020374137 11979056386966672645  3876245959964562721 10569236699093957599 10520016094207848751  2126629149059653148 15200333166373263959 10606863928299380035  1117430144474101869  6109609373039050792 14310652738697695132 17340119631339787576   517341205308762293  7774161441231862448 16760324211721713140  5444176631114122597  6406759435125024214  9159360794614293290  9155557177908843756  3241097637601254679  3212450258049825546 15870592818125415438  6489824199955836072 11228647931065572871 14816646738072109396  1004230933782247342  5739384627585422470  9446533142934671149  6332126503184012639 18295407599025115570 15120542077778629068  5641037251598489026  6104606065302823366  2217884118292827634  7868817563618852429 10339960255348712665  4449257839006441052 17043997274137164633  2620842601374471839  7999507068137687666 15507845116886833740  7431479207320173563 11116974531882420327  6192178862717459359 14179883841750598667 11850628380328107205 14595971917477635987  4869612645585579118  1365385694295944926 10981495866400229362  9673375459835986899  9073888656014369716 13060559603020934670  3374875558928798414 15547901580099124554  4267078392904753306 16543574264290023682 15736162594760684178  5564782540776444808   470010289797670993  7184444296692737530 12725648783456701811  9715281489204304911  4777359035947453805  4877493094500295407  4589478209811798682 17335540493407403347 10915126101964248537 16261999626020950018 17500641146022896215  7805208358651100821 14998355654975006974  4357018377946708961  4050800818555869546  2250371237686065165 13214628717869788735 15002912720505320010  4781098423865410482 15142931487815938016 13734488003801023447 11158140534746752440  7388417446640839013 14365041935298440623]
[ 6944775928512274128   434227999647317489  7960925417043341184 12399478802222672887 13524294616064433630   386244963544843088 14181182004908861751 16577210110855422127   488824170516669163 10405711606747263618  6678974754860374925 16047701734972000039  9794626414537413403  2708627132338079634 16480485033750865672   859467475140626073  4104112792903206904 16083204856655529289 17964721049864557219 13339007500368626647  1327751270114295588  1361793153015214693 11502918353085160920  6794176656448027185  5945116782502932918 17310696434498768137 15618740089667580270 18342323984458764230 14873085671242415699  9885773254623815926  6400847371719560818  5674462100840774267 13783441174928628057  2650306138934302637  7120351782948920337  6164590404951605186 15340010608722450599  6950806828724479557 12321949438475655610  5014030331609921748 14399112477406673006 14554330526996894450  1018393150835729091  5062677336863149317 11560051382367854154  1707220039161945889  9678328757158958493  2680951201652087089  2795451448610069028 14156575816444191563 17395343899831531812 10688297356905494129 13364285510241724984  7043459500156966247 10752204485059691936   128864636037738653  8250726030657199816  2477978253570741335  4181434650841674589 11761913888087378656  8821532629223502401 11971928413010223657  9437474235345671444 17247433591936270100  3370526357839163702  8369191188367163936  3615311005033350603  2812563408208037543  7596206135603184387 15408918137483100254   266556298300739604  9575231625700496396  8369268966767393501  6483556070077241610  2227249055346980730  2529992331012023589  1705649111029850139  1007753203025830072 14023873685581314508  6527640113410529322 14770721499336929371  7065603890068722873  2553400449682698404 14210563086605176593 16587228083597563165 18241522941294304345  2507040086768100013 12099387011575806970 10779036990209320975  4533397625579685265   401722135559528857 16350023049659191967 12506097871992690190    70625927869900429 16568813752268509543 10513561012022181329 15228116052825860740  4289783261303036670 11080095763278823314  3067819282050089094]
[ 5787858224113115711 11564918289831563261 10770347491281029764 13524294616064433630  5558381875252151716  6090817551816150884  5442845665938971252  4130098979973542699 16349080277094514751  6916701592254637344  9851938733368278360   565892720934004250  4602843296986709434 17784968568439525044 12578624675288640540  8607717824293899136  2144767530135663118  7638773623717662314 10770574535313243479  7291331630939406388  6281503115127529505 18362338785595974270  1065753497273791775  4315224278968481393 16348613564435678141  6616798392549806578 13473383107682524102  1804523062731342031 14788562080936409606  7715380852299069405  9269253417596175995  8173262916462370619  3869825491391146573  7471394766968454681 14188171537889969470 13197990628571790391  1535904185067275112 10975620201972286883  9658880234483589519  7823593529001522136 11553448368881857796   202542529576631816 16110941682004984389 13307198300190752816  4984234443268199475 16710712930849564064 14839375698253803556  3152539305739377545  7075951413046602165  8817413286463378150  9639498671568494712  7251645023365377035  3936466605327826183  7106940494568818884  2605900346429052987  6167266136073761359 12831395952825927348  2504391414686860228  1838683426845045376  9519804874105247652 12715552219235553293  3417092367830791004 18007350962139780489 18351905863657630193  8692541549239221377 17179722066077363342   453626118678433249 18108081473465015590  5860442346969638983  7262963842380635768 11820745330789336227  8831650292776270827 13831066476300696893  8681491150669468168 11028411461762211542 14119128259307261080 16358981502155742664  9300279728271540686  7495958481006497874  5781218698823774118 13926966193006965937  2366934122675440926 17635756024127274390  4191755723328144009 13545143285282865501  3436909071133068990  6879363514761165047 15081090629405087352 12399471310609981436  9776689117091695979 11424619645757047444 16106728189697077245 17794298139390519742  4515489198731571498 12127385348394118844 13439202207676856649 15221092390619643477  9887409745363337265 12082436862238550829 16881209301778551439]
[13596387412313133530  1758415885147495017  5812151757876100316   386244963544843088  6090817551816150884  3442673083853153876 18212922037395320063 16495707102260708700 15988696216868668107 12720748836091560716  9100960028159667078 14330708171516142395 17842237966827329655  5907688869814081745  9649145687355735299 12936202032845992985 15599242325689225164  1508772163847027190  4056436634827351342  8518707716466175700 16813963451568181608 11473651128651042522   746060766340951585  8669923461174217467  1895171295535751739  7228174898764403959 12086265558265525029  6529269762181674719   518609055156476507 14984514194899283886 10719466997543311838  3583462625462049595 12851362802312455796 11773817951415833699  5509824909210471770 16065202666420141436  2047281662392665083  6486825880876387558  5824713094829283393 15464620990173054165   693609116075632883  7308279082645804120  2993888036704293711 11532273537982753501 14420444541503282910  4741777047247400463 11023171276965913694  5718907278775201036    22567244700796316  3372026308595576346 13416124283317099308  9217824947486885535 13790131403262451600  2462916344434670961 14053156283564148722  9429753298175905354 12810678657821901643 16096271388617760305   960535700857758875  6579650579629751053  8741044207645651758 10336761703663562146  5436899644853196234  9067383971820117694 15385130040111084116  6718918901131445436  5307393689829566671 13538379076335700695 10064243096988976384 12342927913948560069  1492814976145595837 11082129378548124695  6594626654987733541 12966504328305356488 10204172986171762205  4808248132219645022  4198724087214224435 14712391045646561063 12724397281128360683  1940673327612737570  6982728895442694640   391576823580758623  6728037087216540728  2500251039357942575 15425902608729621866  8560347161909018629 11007572124212046041  8636111718990523902  1691102664545284588  1632097178135434119  1624793138204924501  1808558932872297400  6766446189811374286 10213247721542865908  7551772197972010173  3280146835497789355 15135977331938920355  5894083761554668938 18102726572068254221  9207637086200024366]
[  192919626049244859  3069860052588439712  9437451546772876004 14181182004908861751  5442845665938971252 18212922037395320063 11310352067208493838  2114871509145540963  8475210057221181814 14116760832443834663  7342388049180840292 18049846119669961222   917240969998819363  7466031618924233755   782947232045293116  3085266249852897051 13689234505134985389  3652920688433897726 16459787366158038391  4709602147216540251  5953774475545557463 17567430816763765822 10346277066826442298  5675543701165732064  6937107083236598354  4473173530373842679  3708860252612139638  1458417715328131983  1095112434078323374 10160857278310718147 17607201742606613453  7746092828730383956  9197314481076675982 10151479116651401088  9552207626685616918 10452478415837555107 13010351695384794300  2939214069881168360 13858191536132982236 17879291736320122717   540361033294340276 12204395260608381481  8986756768961943379  2656582761104878979 10854112544663883678 17461468146208778542  9644113315354773687 13545842410835810765 14624142336869631746  2045772273780048589 15952031403237691657 14476144329907182242 17840794534396470187  8359196828578209144  6127940179515160011  8378405325927044710  5436749905099175797  5672619190729208286 10283578131738752057 10824058147711901806  1355185227973865797 18349872532303956020   140454656434293050 11363080374197314153 17919586039943479875   143529347640183460  3491851903187597727 15980379418475767228  1766086982406841124  1246217111459984610 12222863814796503003 13158953064997221270 10118475705143494574 10037846553083872385  5218930924867777912  5522788591107831396  6933981783494775585 11360729198685211480 12441714901828530187  1597784454713390585  3314789332544791153  6819971913187797579 16050936649461863705  5975195511375956532 18153322960341462110 11972071917302183995  7114425161722345384  4049738538129897617  9244419116801124684  7162083268244626886   900131894953106978 15781091287826740856  5617346238543749075 13102047041251545320 13257891617423528910 15753614112159907856  7711083240983518838  1468739468701323895 15407280972053577851 15779789017397230833]
[ 5208058515928793978  8680317995276145707 13238428731308470810 16577210110855422127  4130098979973542699 16495707102260708700  2114871509145540963 15956308015605174578 14474172298063519953  7776472700611267671 11818632321845418018 14619527642815175545  9850325468382154182 10462686676761800458 12909012612117642005  7581630904578050422  7941462082333044090 15452317164479841480 14164347321990078949  9037805089163791184 13519314659732451057  7444776774274644294   234488039095635317  1675497526498649799 10067064978920400371 13388215787032656071 12687345802417578585 13345370484423445097 15476393730077988191 17267832707634537824  5414541123701633953 14553934668144799005 11686787529114306049 17587315030892505742    81833798735157920  3959378984729761345  3648325535987968254  6282722217234519812 10418330035366943171  7615714459081554776 16196010500886000262   357532840753011643  1259868805610240607 15875362487254819641 12651122703718180985 17478474128442457664  3459608525761574201  6785777620081659035  6451721265305989089 15057019206273784401  2221237391481524159 15051996831720620685  2794092151543565574 15483490756612718971 14793680193735417115  7595150842243150026  6785538261250607715 15374024297396068147  7213437381860891420  1264207079440603500   772012876750120842 11899203062134541522 10995545766215623450 14118482340058242198 10359849723988096756  9962073163342059061 17497001432708510909 13569282071779808987  1096577698648223922   627901054387118158  3621036282440809392 11262157516761116971  8038546950217115710  6795707211595510923   362943253900810582    54412476384579474 17517058567735543321  2375274493514948732 11570994707083607854 14370346278805110806  8693822617525716764 17480365528067062350 17866503842756005266 17198370690230787962  1471637406837557233  6488039175789245227 15002539692032145312 14874202602887066155 15233708015067084749   194041489038763796  5436317111779504996 10548429136215869240 17190837663056088597  7426382093672432164  1206080948116757106  4901923991997756421  3695738309786958726  7099941067507108331  3250031917053210073  8547076899028168782]
[11219403558714595739 17383229512677623660  1980942938488526788   488824170516669163 16349080277094514751 15988696216868668107  8475210057221181814 14474172298063519953  9504241565955532833  2917736631660986631  7886405841818690711 12153122738704341064   189039394728829891  1160733784085898819 17386585574580308103  7476859709348477926  5464383739114007717  1828684072853674315 13209981148860547167 17298828056419008532 17171057416684159184  5679622019169312351  2372134435324068470 13700651383371251830 13860722368505978763  6414228686215579888  5318595337149892299  5626475772559846632 15778027727553863051  2297937994092577848 15705435001454931065 15824774055171681566  9308981046333700638  1505748358591730468 18351565946180588190  1174185844101186515  8008665917653709935 10461517046911766214  3638879622533189195 12133529547540657391  7050108558178725840  1186918370519712288 15624674867833002179  8021398501392335213  3540328837781954344 11192966276706325330  4558830931642587612 16890637356049743658 15637370976486375518 15857163112120331326 17964497605659848831 12232612158089052538 13220673824383895594 10223318908434632988 12398476923726688150  9325748434135549367 12294726583617711078  2241163782216083804 17880239994220760912 16292979944269321806 10061944632656430894 16547450901629350889 11187718644368465253 16909478886392920508 11643455225902492542  7713071511357938126 16427404510088686333  3974948768827103208  6328151334986738662 14639301378101695832  2954630316870285196 12218068662822823460  4195463325426308248  5092568491351391374 18430246033686318488  9149224510313060803  3439195925921642704  2443915180437315144  5751993007169664554  5544050093054764880  9119933928705915067   305402390395946751  1971163777105269633 12848894531347683571 18378700393995131838  9280366407961158299  1926145964551826937  1740734240336891589 16433977837231233745  6870448585617607265 18211054036946030238  2570706009361312160  3228476929041137467 17085305792956547497 18276346832052500695   329139758719548848 16169202967565919317 12524038536030032026  3311573750355197208 14942384427466514080]
[14161644563303739439   995466534042313588  3510458658833501968 10405711606747263618  6916701592254637344 12720748836091560716 14116760832443834663  7776472700611267671  2917736631660986631 15746982059175360116  9934347473595054370  3878091416695233755 10003780801839898882 14139358431433044155 11872243640175556794  6575711316233619144  8521341203455163661 11400133584205267686  8331735580952239826  6349997282836705573 12803116460881479573 16359471818163175657 14203667181498001867  6039819843116802964  5744025460119878853  7131505699134520052  8513747513158634357  6110299962278049839 17648772805742906708 13835709325513550997 15274045287816922387  5981023187992099953 13423056885040332542 15915314356407756057  6288941270946319449  7860680259182139730  5740469238245405620  1494201545103385795  9236446913126676744  8392455175959558482  8095691240571992523  8507654955385754295 16001249069926834967  2504146706637290067  5851464866325603679 17219579984653060952 16468906861153415663  3334308474342362271  3658799269297972397 12261952286758132953  1598278717516083836 14837764098782378058  7532612062753754206 14818756700591560998 14093050759264484069 12272189246300465250  3766298597611159033  4875543588412661952  6901978690410603345 16977028491843987362 17498237687309827805 12959354111401701884 10900056610417097716  4001778158003400522 11966486461132546713  8014983365389225227  5540794909938107880  7454280040011388638  2009848780936868621 15958489670768749190 12511233775420285594  1791040984118007926 16547870724371410714   431781091996227795  4756640985774278269 17995031344515371927  7291125510514717044  9575785811318143736  6516872000053591421 11870617418216402878 11882190667771456504  6304629158953090297 15446679065749772640 14324174229623780366 17572391368661785527 13149492820375412897   188952093758383935  6202268281852924723 13701549730154556064 11545463426617069259 17162650327982102459   194080106237162496 10223467164705043354  9612098727241134663 10058118492950292988  2810420946184785521 13424666644497504813  2483653296407396433  2454324509371485995  8458080330313523991]
[ 1492015847094792406 14024609664692497036  9109078788906243900  6678974754860374925  9851938733368278360  9100960028159667078  7342388049180840292 11818632321845418018  7886405841818690711  9934347473595054370  3180748033479491196 11765935223178197759  2089296666548572685 14963104282783537973  1986631016696268458 16284551179596629319 13281588772141514323  1390351138080214256  6356161174220075459 14441288803527247221  4422299185061774732 14812049217472643669 10930625991394488123  7954060540770266766 10029214365561579862  2238882736070525893 16540429199620795534 11270269691321071934  5291405244181468742 13120560823555376377 10695538205267094114  1479301824058615203 18340251392703765772 17182893528912983468  9969850620886265648 11140685107754572129  8560691235496032630 10889744095538075603  6088758172609256029  2544993775280915425 15042458106721603563  7521186062899536780  8583694813250730102  1442024996434117946 14326205992518116973  8368756274342734778  5446031654048506962 17931373591821139953 17435165797145172518  7847131319365869104  8419654213833330588 10350574493119085510   300787045093384054  2037161660927388392  2247521629534662354  9785527994729530352 18061977979320719576  8786568672487090284 10378313260950387394     4298169711245941 11770219163510475281   713107151516690100  2623648379446028216 14934811962118730098 11051172069171057728  8362555727658673033  6584737758890043034  6929693485439894414  5464624944791383257  1703977197785439686 14183161714665457876  2663357942700139382  9024062521606525909 17132593014932287858  6338163929215116396  1169807497797589258 13330492298878488847 10974056102652700986 16326806491917262351 18281619209510443190  8890213514918567731 15298308335129208612 13612682854999128622  2379317725046478463  2489525815484266145  5860842334335007683 10203359876600996723 17911372009079704336  3602386120047992913  2619403419728082420 17938310225949727796  4034940747252521151 14378908760486955028  3009641063926313124  6596835362182101190 16905922649690171902  6759279914027467602 11691700694770866187  2977471115687147512   201466973457589330]
[15752735148289388593 13512963495375118694  6960649781968633194 16047701734972000039   565892720934004250 14330708171516142395 18049846119669961222 14619527642815175545 12153122738704341064  3878091416695233755 11765935223178197759  6200024232898737433  7139228682765733185 17126738490891527920  1452990298678468686  2163898876759406455 11679724061483712669 11501557346312882017 14899025521462021637 17935419579630122668 10376203604269488453 17976342127337957589 11503855595834223772 14941037776172169236 15351172745079320281  9834703828028628699 12766633422997012020 17471226811168521625    50691716687920063  3116702909856740952 10764688119135993057  5835859081652264593 16287200663161187825  6617868178956929836 14537523698927586256  6538438668649639465  2110358757110427946 17690620635208299170 12429108733359894436 17679506984201030749 18267052427738277747 12553285924864783671  3253584072127091367 11011808099099172279 18303719114115384041  6949551595902383862  1525282077401572826  5748427046861561116 13005899110770387534  5320633953232812996  3054210683359448799  2497485194443935580  8001120525760036529  9968209971473907981 14522369068488569005 11816371454634510527  2724159000009390027  6022657637223341513 14125893497584298284  2664907289087284103  3946824511837409368 10089885279647255870  7201185122333618143 16767181110739173556 15660088690446768735 12488858256241720111 14350439392978751898  6836255452442768630  8068208454987640663 15545409245890731038  8726428853979884193  8334002692282925266  6516014529032572194 13820677531877193165 10316425419786678938  2669809076492741953  1837050463034511583 16464177820421026854 16037524401790323527   939800411118284670  7526434660627513729 12234138823202208900  4812082123563731828  1322301813059673538  9967795661642059435 14142083469545194110 17813445639802963172 11718879426081022180 11998332654479844449  2657060075600323233  3169827037214425589  8308947778679685770  3056912680487711880 18098594879989876176   260737949543120861 16732407323126277363  4968077920417957968 16336392437225337654 11826205801185126696 17188596280409972484]
[16736852098717711211  4120509596827523466  4144928309421345000  9794626414537413403  4602843296986709434 17842237966827329655   917240969998819363  9850325468382154182   189039394728829891 10003780801839898882  2089296666548572685  7139228682765733185   288702963378984165  9636291336321906430  1310803003835096329 11895657549292061447   512910285550720617 17688463338431168855  2712708345143775396  6341296726652253747 17130098234684496595  5150466679572036023   553197090873140959  5032402951159688620 14865496216447969178  4170809483229345171  8087620656831211869 11434320674721857687  9792268349084389301 18119110270355745494  2884331453194875488  6114139306348229310  6091275009050763313 16540727426772920695 10994523532261591917    31538568521204794  3070518724064357935  3082145878238003687  8635375792804904433  8354002045035903735  7236419934202031810  2312478796593279825 12693366523998912374 12861776459793838680  6178379398202533374 13663772337136757301 13448980607825330192   674703152698542075 12155260788396022841 14070016263316286227 18067861971077889464  2875094389587608870  9198378075633400333  2187364061085886089  5864506010314961748 13048950218378970429 14748557984173179541 18412001759887510529  9113140813335547596   240989947095048936 10295536703491332639 17866532877878068649 13592943566032375123 16746130851247628046  3338937211172807620 11840540608893139042   548625816442128208  9802451457292875141 11654168126992382308 16038580943067627848  9494316875626181943  2216204326803798219  5450047955584098770 12088088490820902029  4710581973385462987 14166122017525118473 13948820178516246543  9640975374615500306 11498368042018885376  5253108786319027571  4993659242582275519  1523097561705248586  9685243920321316072  9081867589625544937  9048709282678126534  8822333218185648304  9880861780674334805  1657369006851544150  9529187649036125837  5791623938936253814  9321325665638315250  7883514168459226836 14656054825983646955  9937035920846161927 13989215638860661232 10082216458348640576   974758244599099508  1159508684324584836 10823629763249731085  2432907971913618111]
[16567491867522489353  3547440065929324111 10314947775573874375  2708627132338079634 17784968568439525044  5907688869814081745  7466031618924233755 10462686676761800458  1160733784085898819 14139358431433044155 14963104282783537973 17126738490891527920  9636291336321906430  9340088765725454510  7387069196964409085  1317277279096282779  9657386981126964196  1454959510156251068  9280379703392766041  5310710021924481072 17404856884911300444  5996896885417467033  7422513828171236500  3838080098403566311 15771757334183293365  1040482642288567768 12857809531451042177  4817304889886884915 15197842207440663232  6729095401291328679  8409367830523022527    86275959279880809 10096631026744246956 12471636296616874385 15486909705638187049  9916514630177596978  8453659195774257929 11008455682492542824  1393376926838414853 17356039263723443648   988402538165294496  6675316356362425966  8968672152902774473  5089796258491634960   645459229761871293 15145190788481288776  4266658838542699335 13767167387385933272  9703419971777280634  9649593289290065207  6079359604953952667 13114583838340173097  6320150950931818128  3658860146958406794  7485264240646864226  7045756920728579061  4552036439230505316  3169507337775718792 16615696874361007471 15551715670604430077  1139883491118885656  1017015994546317884 12838083421194354230  7188976938293209705 10791115983708363608 12986780242706158484  1132382748043715910  5722490024006285987  5851942987798557766   577451086490074951 15946739520150270808 14217076131071728430 10016267339948353525  6267160347329651904  2672106790520297703   701372245600190998  4598912320013668452  1836390047126213904  7417220574900644227  1936357841288582974 13517451819905287150  4901663945577624419 11269606089926902116 13638180636707813786 10815357946210685330  8843769056084161136  1783471587781471360  8398967909863188410 12348886352234654104 18403155964692595504 17252088188892627044 10605686977268304592  6875230203627825219 12034281691287991425  4149057959724440102  5687120734492830410  6228141188540800612   319371117870030408  1626857277073631135 10139595914671062118]
[13897536227573836753  1752135862412340584  8975074002066072723 16480485033750865672 12578624675288640540  9649145687355735299   782947232045293116 12909012612117642005 17386585574580308103 11872243640175556794  1986631016696268458  1452990298678468686  1310803003835096329  7387069196964409085 12846787518779172388  9792643208890024983 12708579332250353919  1869054419614614348 16116114977228081585 15023672366269430921   738495595784557207 17310432101255435121  7782000374607293447  7336184818149135670 17025913629482933701  6755795897329143277 17205920316164965595 18433920599263972978  9839489418831602838  4232360177335903024 15728615836667581123 11891665081622473156 16656719304133546009  2619555243839961346  3654973121164993656 17702231430302721254 14716464993152551868  1731008980893981019 12534257689894266053  6541391879572102042  1373404305746569037 13138272752003943136 17947165570433133451 16499269353483886066 15639676216521831057  2753159342702929333 15891665313080584040 12959773987002103384 11792192885541698973 15769828872770320779  5045565575900169454  9979474621732646744 12389259595570015352 17065634966732120737 13822278382065507981  4423397177317881263 13632581004397569778  3709250544638050000  6738423005952948758 14728880225735619871 13580492463188674139 11616048622202141190  3912478213474095774 12737401840473592660  1318388253181280923  1960479574419075222 10871849779685970966  5707951591086511862 10602166396912928433  7237566337954582177 10433554612551120155  6804021781672108615  4444697064776778672   583110042462056928  7314765806751171110 12541678292718307867  2015189029622037109  1846202264743280235 10688243665521945385  3044080086764867118  8641512019881762340 14715472066518661181 11414975006092598548 12020017568687485465  8061183042134348351 13113291387261030966   412020421946119998  1938214462492684193   498826501854306654 14994076040309467849  4878942722519796584  7882345883376780244 17975497275943329925 10800224134633630271  1563991434961793731  8838930581275102677   770654667879476691 14128665229613516593 13474938299873370650  2624973675301124660]
[  707253891301293610 16470855587205467362  9446451291882959045   859467475140626073  8607717824293899136 12936202032845992985  3085266249852897051  7581630904578050422  7476859709348477926  6575711316233619144 16284551179596629319  2163898876759406455 11895657549292061447  1317277279096282779  9792643208890024983  6855046927522867400 18200680377500585313 11021857098293802620 16959615213489220880 15762864629336892314  8287589505566416935 11427782180549699763 12441556785751218912 14487347564534019559  3291588000788504167 17479001665936253258  3124484157137550078  3918768285150352184  9304192635515282527 17551548714597130688  8231428276187062876 14615531054288265176  9700411673805981150   465680551955940634 15119286316686906721 13781923530329369270  7884978162466720368  2217426764778287897  3292362995314609082  6876786130899968421 15649053771131155285   553479700740929974 10212065224006561607  1434768380751986325 18177765622483140690  1557511324031437381  7764339989635374188 12986861891423363892 12562240774667197563 11500296480028216927  4237296621442977612 11063269720013983423  3394216741980244334 10747418316886531434  6773292590731266094 11362806796586929329  8465895392214858907  4613980370981495065 17191770013308344636 15274119505023002886 11043870462838754666 15698752848398025067  7879262295619629615 12809544639730896404  5540446005018874983 16209037446203224653 14508173712340413754  4028960819148297684 10933454075592984790   838296601388446792 18360747808339747139 12464690268043237364  3732323879941088039   453627724473632775    52281997642577411 15729812484122609383 15120258001152744154  9055792792033989388 17298683747828112875 13324940341473023599  2962171997110743026  8690169909771096545 12429010710013736545  4830709203248774686  9883890128270519026  1892391875155697031  1313478880958272264 13931496683596942314 17558687342631538742 18041904439252487094  6792193666401883017 10808056779104687103  5034467493242971798 14442801589016629375  3236981827890064896 14423525037633593050  2317774374788783191  2549141021024415335 10904488621328458796 15842482817883581778]
[12169899327982722007 17632078848557904798   853071313560936059  4104112792903206904  2144767530135663118 15599242325689225164 13689234505134985389  7941462082333044090  5464383739114007717  8521341203455163661 13281588772141514323 11679724061483712669   512910285550720617  9657386981126964196 12708579332250353919 18200680377500585313 17797326887542300539 14666423926674595258 10149147904528656748 14592489230770872126  1554351468995640883 10722894771058493243  4867931246322754020 10744636570315596662 15314833704498264548 13623543649698740131  7717674857252529750  7983665230092123561  7101075500894763074  9203050181364873984 17473878464041824855   546406681870073098  4191195844715622243 10016951751044514269 11553581791597349206  1461779523105925688 18342857914636163198  3911101370991004000 15116042095651102799  8097339349479304397  7513310516968685498 10691693509698868183 13610204576903441600 12500669615987461660 11504968643549378100  1400013642945742540  1770323081076641051 10113080342279332643   935563540221790768  8380558664024823349  8908068366441623285 10607104518587944036 16334705003529111134 17842092997411093198  3196144161371629015  4491835029073739163   674584509064378480   497387838213642231  2679704002899644565  6536422765031832502  8874871751406769100   994835899838371039  2082993934561491258 14605706777775654644  4127011689960375737 14818802514403534145 14966998261503243465  5862674517980258716 17150841134595535125 17458692852284282187  9045006829544414481  2927076654177980256  1223223276122280205 13793010772733439353  6829178589185387711 17454928234508675353 10818664610591001553 14907028665729404240  7179062957774026008  1482771477014982978  2962125435051746900  7274549044058591894 17845658073670941676 11974107936320480998 15271665600957438028  7639697623299880680  9061244862508290518 13876428050114387668 11994310691409077105  1804761120166615503  5539199681251132366  5157536023816463252  9553108932202764668  1634404301562290861 17163494641960039230 12190577336181396441 14663430316442132543 15834033747633342440 10875108818321845732  2658523498493128555]
[  651337937423438398 12204387052032753106 12481282238020374137 16083204856655529289  7638773623717662314  1508772163847027190  3652920688433897726 15452317164479841480  1828684072853674315 11400133584205267686  1390351138080214256 11501557346312882017 17688463338431168855  1454959510156251068  1869054419614614348 11021857098293802620 14666423926674595258 13184812078367540863  1902368780570444677 17742685763288161078 11898951825159478873  9372379046262717444  7325481071300355602 12545040577305642040 17842203677763657936 16892636859946761410   191733096584640308 18041772568998567575 16231288622599630120 11137100472842756272  9175007118352851327  5805778707597866052  4005735177442385060   852743227320934888  2186878903366925667  5629086088265170610  1532448073202173232  7152488822442566135  9592356473477782954  2748382711747959123 17812098303871898829  3947035445990174313  1556027224353042114 12755761442738877933 16571126726554968718 15643019396393014482  2139133738714924015  9777709511275204830 17597418840749341381 18301383196596234727 12704190703278832989  8636244602852461019 17294619753485521006  5237126065282534361 17035868383165482299  9444172035281036325 17787192483921099515 17219549756480661013 18229175391416571487 14658109015569977337  1395105801565723772 17366718457410871002 15241444490365749472 12411855876334768954 11368413299671492084 17652954397336760133 11249004700056352744 14593171829122336153   742143756363789476 12891978161887101795  9678813690193251055 14826374656830524970  9981145792036400066 12140335415602911047 12142833896147158992  7802361583098436200 18395628561916757823   198387745369236017 16836813474033998760 15484364671659017204  8001666800561895518  6063025494834756254  8401063259524144494  5139083825557969989  7734788130948731102 10130178810808829145   572047558487000930 11737613717640605097 13047537271344810707  5361071427098114214  1053165398036739608 16617791273949209173 16393094086587122739 11855930767250117867 17535310324051737717  3392865271109429645 14529778201455108515 16484735486343145266  4929506651589370423 18081317922951286543]
[17248566840306082381  7260560055690228995 11979056386966672645 17964721049864557219 10770574535313243479  4056436634827351342 16459787366158038391 14164347321990078949 13209981148860547167  8331735580952239826  6356161174220075459 14899025521462021637  2712708345143775396  9280379703392766041 16116114977228081585 16959615213489220880 10149147904528656748  1902368780570444677  5174975378152075221 13505613307743331966 11931652408227958870 16207263655231608623  5850122849706419101 14300153888959367767  6534481128972858809 16772634188249470920  9875116148653300631  9763486352807196830  3784201499583340145 16540510174620049386 16055515973616002669 16575788222998283922 15268044328469478261 14508366567421631916 15359573733270353976  4153030960324981165  7415017346054098773 14165760602964348575  5839914243040238947  4354244891472535511  2018933573571158221  3052476766561471517 18338543209903117811 17241537634914791311  8750532047978599712 15586223334461909053  2908439082452170503 18182446264502720137 17519995930186702344 16924910236296981581 13327809833544796517  7182608558260831568  2988709307938491585 10828724326630362545  7086839518158446691  7263433134177894691 11980495882564561634  5134951390054624697 11983409748304383922 15727249258478161896 13749797803424268983  7983217309653460906  8488953285443777906  3419593584810955920  3143642487390631778  2002191851572666916  1755229126474065574 16070558419502383275  9106069646058438030 17915251231204110806   507943460873397495 16438850077246064659 17117359671421725850 16190438559581271681   942412770186233125 15287052605513346706 16782346333036158941 11848411127752561834 11693522195329220099 14159557247850539291 17198231836221915256  6814469054032080022 17930716998411918067  3944271168439214463 18195547657470322504 15893716143334520712 14800696540856284746 18406590183608217398  3078630863712240951 12497659495361357338 10607758544548551762  3684561582807945873  1490735000929672557   402467445706299834 16253189793824772345 17045718200602640364  9419405779211061443 15722240509365458616  8436087288815637486 10039482478499663515]
